63168846
12701648
9645434
445369
63080206
35126209
13603664
61388492
37292335
29625021
2244310
85066109
63979049
65163721
35691383
27012098
26196595
34842331
15484961
83811933
77423921
23404682
31664760
78924408
30267220
11308441
74060624
46481378
72752619
25262964
73983925
14121530
29599583
41117330
36132119
37328457
23237126
79131825
17742694
57057352
46122324
35417942
61443587
53147684
8415174
35082969
83932745
14008987
51015855
7272031
2429627
13484585
73268351
5188778
5652443
2599119
55605746
81024142
36942560
84504185
73391913
65402234
45265681
67178871
52522459
54319072
7238825
61942129
57189078
67368369
15687965
85740284
19379862
2455775
72012733
48254297
49257969
22869465
44332755
8527110
30942070
18134136
43392399
44510205
11321966
57381621
41482273
27788027
47561516
18934761
242750
68512308
9777590
58087893
43757280
28949166
46104717
35790240
80092759
11189607
2241326
64727037
60808849
21976878
37552279
47286053
12260735
2140842
63683113
52450833
61861446
30915449
8336793
60367845
22437393
60053334
64664223
81851475
37757200
58656714
62835544
59991126
17190962
1302889
45133514
23443866
82415101
20013605
29431210
81252395
15975150
2634507
85119333
54479684
70638713
41396580
25012838
8210524
58196785
22275022
18702645
51680312
34807823
6028769
63797583
19945017
6707688
22552860
25195116
4816814
62591384
39940652
44325286
34719519
6439454
25904185
25518521
66019404
73636919
349974
81867370
54330310
3078538
74836536
32189596
83238388
24130856
73986209
63835541
5051040
43485573
29603518
29232855
57699605
47097664
16442727
68849621
24818084
63256877
12919491
71084697
36606100
15710240
70089225
12830026
65004806
20798582
30698463
52222967
64603824
25681326
25224385
854777
12711056
11064810
20004730
71746541
36769189
32911378
44668348
79732970
4431909
78958438
38821454
47881003
13678096
2305942
10480327
2896429
66745074
52370930
14795149
18320787
61545022
57163
35422143
79450519
43123058
20881348
20651774
16459992
79117185
11949123
83514865
16587324
54909695
21048804
65788052
75856019
30267220
61331478
32784551
16167405
81188201
42487512
705864
54266109
23151902
11814017
36862821
36224858
15507247
74812967
53900534
37974953
5523455
15670270
73658148
10815621
22206382
79301963
84192082
11216785
51268259
41668832
4981092
70176426
70242934
56095928
85548793
75145285
36055139
95608
19891183
39458960
66690587
80678446
31384407
55159958
344967
48200656
32836346
37699020
76162236
62864818
38889347
30394741
8516358
9368903
58852088
67530029
41010929
18759756
10733619
34345828
28995306
6475918
44740213
22180396
6452750
18802581
17800344
8706004
17854022
62599004
34881014
49103350
33052947
52135481
40374922
