63168846 JUOZTB 845 62846
12701648 UCBAOM 610 44611
9645434 WFJRFV 977 10978
445369 KBRBQP 758 65759
63080206 NHQAEF 750 79751
35126209 UPQIUC 417 39418
13603664 DYUFNS 342 56343
61388492 YOASRW 732 21733
37292335 HKDJNH 724 69725
29625021 JTFBFG 844 57845
2244310 TNPLVF 691 13692
85066109 YJVKGH 860 28861
63979049 QNXONG 545 58546
65163721 IOJOCO 570 36571
35691383 SUASHU 671 16672
27012098 CEPAUM 131 84132
26196595 NHQAEF 392 79393
34842331 UPQIUC 777 39778
15484961 CEPAUM 247 84248
83811933 ARPOKP 211 87212
77423921 BREUGV 168 4169
23404682 PINARQ 741 34742
31664760 MANVLO 459 20460
78924408 MANVLO 348 20349
30267220 JDSXBH 438 6439
11308441 OSIGZA 476 37477
74060624 VPDZRA 323 8324
46481378 DBNSSS 615 14616
72752619 ZWZHVF 115 48116
25262964 FGDNVG 900 17901
73983925 QXMCIF 969 12970
14121530 YJVKGH 190 28191
29599583 NXEALY 833 32834
41117330 UCBAOM 830 44831
36132119 TORTOD 237 52238
37328457 IZSCVQ 043 49044
23237126 IYNGNC 734 98735
79131825 FGCOGM 214 2215
17742694 VTBMUX 169 53170
57057352 TNPLVF 065 13066
46122324 KBHKHI 954 64955
35417942 AXRFNA 576 81577
61443587 UCBAOM 432 44433
53147684 SUASHU 287 16288
8415174 ZWZHVF 130 48131
35082969 GYCYUV 371 29372
83932745 DBNSSS 253 14254
14008987 TKINZI 469 15470
51015855 IZSCVQ 813 49814
7272031 VTBMUX 758 53759
2429627 NXEALY 846 32847
13484585 JCDVQX 843 89844
73268351 RVBCAV 909 77910
5188778 AXRFNA 843 81844
5652443 ZEKAQU 765 30766
2599119 BHRWVD 977 27978
55605746 QNXONG 287 58288
81024142 ****** *** 100000
36942560 TIWNVG 018 38019
84504185 BREUGV 253 4254
73391913 FGCOGM 242 2243
65402234 YJVKGH 418 28419
45265681 UPQIUC 248 39249
67178871 FGCOGM 870 2871
52522459 QXJHVO 880 74881
54319072 JYCORX 340 55341
7238825 AXRFNA 056 81057
61942129 MODNJQ 072 73073
57189078 RGRSST 072 42073
67368369 IZSCVQ 016 49017
15687965 NKAHNQ 762 31763
85740284 QNXONG 140 58141
19379862 ARPOKP 346 87347
2455775 TIWNVG 246 38247
72012733 PKBAYQ 016 68017
48254297 NXEALY 742 32743
49257969 ZFXOML 209 99210
22869465 YDHJFC 307 51308
44332755 SZABIW 389 45390
8527110 MPGBKY 776 93777
30942070 SASQCZ 445 23446
18134136 ARPOKP 113 87114
43392399 MPGBKY 068 93069
44510205 XEGUOQ 435 436
11321966 CEPAUM 088 84089
57381621 JUOZTB 933 62934
41482273 DHFGQM 301 43302
27788027 VESYMF 046 71047
47561516 LCMWJA 495 82496
18934761 RHLGBU 935 95936
242750 SUASHU 306 16307
68512308 MPGBKY 842 93843
9777590 AXRFNA 462 81463
58087893 JSAXZZ 372 3373
43757280 IXKPLI 022 19023
28949166 BHRWVD 191 27192
46104717 RHLGBU 922 95923
35790240 PBOQKZ 985 63986
80092759 OSIGZA 260 37261
11189607 HPUDCR 956 7957
2241326 JCDVQX 599 89600
64727037 ECSICR 323 97324
60808849 WBBIPR 139 1140
21976878 JSAXZZ 847 3848
37552279 WAYIXM 805 47806
47286053 WFJRFV 375 10376
12260735 YJVKGH 737 28738
2140842 RHLGBU 479 95480
63683113 ZKDZWY 199 33200
52450833 IZSCVQ 806 49807
61861446 ARPOKP 856 87857
30915449 YJVKGH 646 28647
8336793 JSAXZZ 017 3018
60367845 NWATEF 485 59486
22437393 KBHKHI 173 64174
60053334 UWJXLZ 012 91013
64664223 ZFXOML 612 99613
81851475 PBOQKZ 581 63582
37757200 IOJOCO 883 36884
58656714 MPGBKY 651 93652
62835544 DBOIYR 958 9959
59991126 OAIOQM 418 26419
17190962 SEBYLP 049 22050
1302889 DHFGQM 497 43498
45133514 SEBYLP 869 22870
23443866 ECSICR 106 97107
82415101 WAYIXM 108 47109
20013605 SEBYLP 095 22096
29431210 IOJOCO 565 36566
81252395 WFJRFV 807 10808
15975150 UYROHE 695 46696
2634507 FGDNVG 592 17593
85119333 JUOZTB 200 62201
54479684 NKAHNQ 513 31514
70638713 IYNGNC 443 98444
41396580 FGCOGM 936 2937
25012838 VSDIFC 681 18682
8210524 JYCORX 804 55805
58196785 CWDXLK 079 50080
22275022 CWDXLK 314 50315
18702645 MANVLO 582 20583
51680312 TORTOD 460 52461
34807823 RVBCAV 738 77739
6028769 QQPROB 490 76491
63797583 RHLGBU 238 95239
19945017 JWJBGK 074 75075
6707688 OAIOQM 917 26918
22552860 IZSCVQ 653 49654
25195116 RHLGBU 247 95248
4816814 EOZQMH 123 11124
62591384 QNXONG 492 58493
39940652 NKAHNQ 823 31824
44325286 HKDJNH 869 69870
34719519 RHLGBU 858 95859
6439454 RVBCAV 458 77459
25904185 PKBAYQ 480 68481
25518521 QNXONG 374 58375
66019404 PBOQKZ 718 63719
73636919 TIWNVG 616 38617
349974 FGCOGM 419 2420
81867370 YVZAZJ 846 86847
54330310 TKINZI 093 15094
3078538 WBBIPR 839 1840
74836536 GYCYUV 715 29716
32189596 TNPLVF 784 13785
83238388 MKGVCW 532 94533
24130856 QNXONG 321 58322
73986209 BREUGV 902 4903
63835541 SEBYLP 718 22719
5051040 UWJXLZ 878 91879
43485573 PBOQKZ 290 63291
29603518 TNPLVF 438 13439
29232855 JWJBGK 985 75986
57699605 XTTMAZ 146 41147
47097664 PKBAYQ 795 68796
16442727 ZFXOML 130 99131
68849621 LCMWJA 690 82691
24818084 XLFYQZ 646 83647
63256877 ****** *** 100000
12919491 TDHGAW 469 90470
71084697 LKKNQC 669 5670
36606100 IOJOCO 530 36531
15710240 QNXONG 123 58124
70089225 MPGBKY 655 93656
12830026 DHFGQM 381 43382
65004806 QQPROB 023 76024
20798582 PLUPPS 441 66442
30698463 RHLGBU 519 95520
52222967 PAQUNN 866 40867
64603824 JUOZTB 838 62839
25681326 HPUDCR 706 7707
25224385 DHFGQM 978 43979
854777 VSDIFC 500 18501
12711056 HJDARK 963 54964
11064810 JSAXZZ 183 3184
20004730 MKGVCW 960 94961
71746541 XLFYQZ 955 83956
36769189 NJSKCK 530 35531
32911378 MODNJQ 632 73633
44668348 TYHOKU 255 88256
79732970 JOAWHN 087 92088
4431909 OPYGFE 479 85480
78958438 GDMZRP 874 80875
38821454 BREUGV 177 4178
47881003 WAYIXM 396 47397
13678096 WAYIXM 264 47265
2305942 WBBIPR 006 1007
10480327 MKGVCW 349 94350
2896429 JYCORX 292 55293
66745074 JSAXZZ 270 3271
52370930 JCDVQX 474 89475
14795149 KBRBQP 688 65689
18320787 JWJBGK 321 75322
61545022 HKDJNH 785 69786
57163 DHFGQM 264 43265
35422143 UWJXLZ 431 91432
79450519 WAYIXM 242 47243
43123058 WFJRFV 216 10217
20881348 GDMZRP 201 80202
20651774 DBNSSS 741 14742
16459992 JWJBGK 868 75869
79117185 NWATEF 274 59275
11949123 RHLGBU 730 95731
83514865 HJDQEG 200 24201
16587324 IXKPLI 035 19036
54909695 JCDVQX 880 89881
21048804 JWJBGK 487 75488
65788052 YOASRW 591 21592
75856019 EOZQMH 673 11674
30267220 JDSXBH 438 6439
61331478 OAIOQM 531 26532
32784551 AXRFNA 290 81291
16167405 NWATEF 342 59343
81188201 VPDZRA 348 8349
42487512 OAIOQM 862 26863
705864 RHLGBU 486 95487
54266109 UWJXLZ 100 91101
23151902 VESYMF 487 71488
11814017 VESYMF 363 71364
36862821 RGRSST 470 42471
36224858 PINARQ 798 34799
15507247 IOJOCO 095 36096
74812967 JOAWHN 888 92889
53900534 JCDVQX 347 89348
37974953 VSDIFC 558 18559
5523455 QNXONG 352 58353
15670270 QXMCIF 596 12597
73658148 UYROHE 055 46056
10815621 LKKNQC 963 5964
22206382 WBBIPR 148 1149
79301963 CEPAUM 892 84893
84192082 MODNJQ 860 73861
11216785 TXLANP 437 67438
51268259 VSDIFC 015 18016
41668832 ZEKAQU 410 30411
4981092 KBHKHI 557 64558
70176426 YDHJFC 136 51137
70242934 ZKDZWY 944 33945
56095928 RVBCAV 933 77934
85548793 OSIGZA 592 37593
75145285 TKINZI 888 15889
36055139 EOZQMH 389 11390
95608 OOVQQL 486 78487
19891183 JDSXBH 907 6908
39458960 JOAWHN 403 92404
66690587 PINARQ 231 34232
80678446 NHQAEF 186 79187
31384407 NWATEF 985 59986
55159958 QSLUNU 220 60221
344967 KBHKHI 998 64999
48200656 JYCORX 848 55849
32836346 TORTOD 791 52792
37699020 ECSICR 156 97157
76162236 KBHKHI 927 64928
62864818 MKGVCW 990 94991
38889347 VESYMF 470 71471
30394741 ZKDZWY 720 33721
8516358 FGDNVG 384 17385
9368903 JCDVQX 624 89625
58852088 LCMWJA 679 82680
67530029 EOZQMH 355 11356
41010929 TIWNVG 297 38298
18759756 PBOQKZ 829 63830
10733619 JSAXZZ 603 3604
34345828 OOVQQL 558 78559
28995306 MPGBKY 198 93199
6475918 YVZAZJ 377 86378
44740213 WBBIPR 576 1577
22180396 CWDXLK 434 50435
6452750 VSDIFC 652 18653
18802581 OAIOQM 081 26082
17800344 JWJBGK 981 75982
8706004 MODNJQ 511 73512
17854022 PINARQ 529 34530
62599004 PAQUNN 397 40398
34881014 QSLUNU 558 60559
49103350 HKDJNH 248 69249
33052947 UYROHE 791 46792
52135481 VSDIFC 728 18729
40374922 WAYIXM 851 47852
